3 [0, 0, 0]
2 [0, 0, 0]
Mult:  0 * 1100
0 [1, 1, 0]
4 [1, 0, 0]
Opcode 4:  0
1 [0, 0, 0]
Sum:  1 + 1
1 [1, 0, 0]
Sum:  17 + 75
1 [0, 1, 0]
Sum:  0 + -92
4 [0, 0, 0]
Opcode 4:  0
2 [0, 1, 0]
Mult:  0 * 8
1 [0, 1, 0]
Sum:  0 + 6
1 [0, 0, 0]
Sum:  0 + 0
2 [1, 1, 0]
Mult:  46 * 28
2 [1, 1, 0]
Mult:  66 * 83
2 [0, 0, 0]
Mult:  41 * 80
1 [0, 1, 0]
Sum:  0 + -3280
4 [0, 0, 0]
Opcode 4:  0
2 [0, 1, 0]
Mult:  0 * 8
1 [0, 1, 0]
Sum:  0 + 2
1 [0, 0, 0]
Sum:  0 + 0
1 [1, 1, 0]
Sum:  19 + 83
1 [1, 0, 0]
Sum:  -102 + 0
4 [0, 0, 0]
Opcode 4:  0
2 [1, 0, 0]
Mult:  8 * 0
1 [1, 0, 0]
Sum:  5 + 0
1 [0, 0, 0]
Sum:  0 + 0
1 [0, 1, 0]
Sum:  46 + 17
1 [0, 1, 0]
Sum:  0 + -63
4 [0, 0, 0]
Opcode 4:  0
2 [0, 1, 0]
Mult:  0 * 8
1 [0, 1, 0]
Sum:  0 + 3
1 [0, 0, 0]
Sum:  0 + 0
2 [1, 1, 0]
Mult:  60 * 46
1 [1, 1, 0]
Sum:  7 + 44
2 [0, 1, 0]
Mult:  28 * 64
1 [0, 1, 0]
Sum:  0 + -1792
4 [0, 0, 0]
Opcode 4:  0
2 [1, 0, 0]
Mult:  8 * 0
1 [1, 0, 0]
Sum:  4 + 0
1 [0, 0, 0]
Sum:  0 + 0
1 [1, 1, 0]
Sum:  80 + 27
1 [0, 0, 0]
Sum:  44 + 83
1 [1, 0, 0]
Sum:  -127 + 0
4 [0, 0, 0]
Opcode 4:  0
2 [1, 0, 0]
Mult:  8 * 0
1 [1, 0, 0]
Sum:  5 + 0
1 [0, 0, 0]
Sum:  0 + 0
2 [1, 1, 0]
Mult:  75 * 82
1 [1, 1, 0]
Sum:  40 + 41
2 [1, 1, 0]
Mult:  22 * 61
1 [0, 1, 0]
Sum:  0 + -1342
4 [0, 0, 0]
Opcode 4:  0
2 [1, 0, 0]
Mult:  8 * 0
1 [0, 1, 0]
Sum:  0 + 6
1 [0, 0, 0]
Sum:  0 + 0
2 [1, 0, 0]
Mult:  73 * 7
1 [0, 1, 0]
Sum:  0 + -511
4 [0, 0, 0]
Opcode 4:  0
2 [0, 1, 0]
Mult:  0 * 8
1 [1, 0, 0]
Sum:  5 + 0
1 [0, 0, 0]
Sum:  0 + 0
4 [0, 0, 0]
Opcode 4:  0
99 [0, 0, 0]
[3, 12, 2, 225, 6, 6, 1100, 1, 238, 225, 104, 0, 1, 34, 7, 225, 101, 17, 169, 224, 1001, 224, -92, 224, 4, 224, 1002, 223, 8, 223, 1001, 224, 6, 224, 1, 224, 223, 223, 1102, 46, 28, 225, 1102, 66, 83, 225, 2, 174, 143, 224, 1001, 224, -3280, 224, 4, 224, 1002, 223, 8, 223, 1001, 224, 2, 224, 1, 224, 223, 223, 1101, 19, 83, 224, 101, -102, 224, 224, 4, 224, 102, 8, 223, 223, 101, 5, 224, 224, 1, 223, 224, 223, 1001, 114, 17, 224, 1001, 224, -63, 224, 4, 224, 1002, 223, 8, 223, 1001, 224, 3, 224, 1, 223, 224, 223, 1102, 60, 46, 225, 1101, 7, 44, 225, 1002, 40, 64, 224, 1001, 224, -1792, 224, 4, 224, 102, 8, 223, 223, 101, 4, 224, 224, 1, 223, 224, 223, 1101, 80, 27, 225, 1, 118, 44, 224, 101, -127, 224, 224, 4, 224, 102, 8, 223, 223, 101, 5, 224, 224, 1, 223, 224, 223, 1102, 75, 82, 225, 1101, 40, 41, 225, 1102, 22, 61, 224, 1001, 224, -1342, 224, 4, 224, 102, 8, 223, 223, 1001, 224, 6, 224, 1, 223, 224, 223, 102, 73, 14, 224, 1001, 224, -511, 224, 4, 224, 1002, 223, 8, 223, 101, 5, 224, 224, 1, 224, 223, 223, 4, 223, 99, 0, 0, 0, 677, 0, 0, 0, 0, 0, 0, 0, 0, 0, 0, 0, 1105, 0, 99999, 1105, 227, 247, 1105, 1, 99999, 1005, 227, 99999, 1005, 0, 256, 1105, 1, 99999, 1106, 227, 99999, 1106, 0, 265, 1105, 1, 99999, 1006, 0, 99999, 1006, 227, 274, 1105, 1, 99999, 1105, 1, 280, 1105, 1, 99999, 1, 225, 225, 225, 1101, 294, 0, 0, 105, 1, 0, 1105, 1, 99999, 1106, 0, 300, 1105, 1, 99999, 1, 225, 225, 225, 1101, 314, 0, 0, 106, 0, 0, 1105, 1, 99999, 1008, 677, 677, 224, 1002, 223, 2, 223, 1006, 224, 329, 1001, 223, 1, 223, 1007, 226, 226, 224, 1002, 223, 2, 223, 1005, 224, 344, 101, 1, 223, 223, 1008, 226, 226, 224, 1002, 223, 2, 223, 1006, 224, 359, 101, 1, 223, 223, 8, 226, 677, 224, 102, 2, 223, 223, 1006, 224, 374, 101, 1, 223, 223, 1107, 677, 226, 224, 1002, 223, 2, 223, 1005, 224, 389, 101, 1, 223, 223, 1008, 677, 226, 224, 102, 2, 223, 223, 1006, 224, 404, 1001, 223, 1, 223, 1108, 677, 677, 224, 102, 2, 223, 223, 1005, 224, 419, 1001, 223, 1, 223, 1107, 677, 677, 224, 102, 2, 223, 223, 1006, 224, 434, 1001, 223, 1, 223, 1108, 226, 677, 224, 1002, 223, 2, 223, 1006, 224, 449, 101, 1, 223, 223, 8, 677, 226, 224, 1002, 223, 2, 223, 1005, 224, 464, 101, 1, 223, 223, 108, 226, 677, 224, 102, 2, 223, 223, 1005, 224, 479, 1001, 223, 1, 223, 1107, 226, 677, 224, 102, 2, 223, 223, 1005, 224, 494, 101, 1, 223, 223, 108, 677, 677, 224, 1002, 223, 2, 223, 1005, 224, 509, 1001, 223, 1, 223, 7, 677, 226, 224, 1002, 223, 2, 223, 1006, 224, 524, 101, 1, 223, 223, 1007, 677, 677, 224, 1002, 223, 2, 223, 1006, 224, 539, 1001, 223, 1, 223, 107, 226, 226, 224, 102, 2, 223, 223, 1006, 224, 554, 101, 1, 223, 223, 107, 677, 677, 224, 102, 2, 223, 223, 1006, 224, 569, 1001, 223, 1, 223, 1007, 226, 677, 224, 1002, 223, 2, 223, 1006, 224, 584, 101, 1, 223, 223, 108, 226, 226, 224, 102, 2, 223, 223, 1006, 224, 599, 1001, 223, 1, 223, 7, 226, 226, 224, 102, 2, 223, 223, 1006, 224, 614, 1001, 223, 1, 223, 8, 226, 226, 224, 1002, 223, 2, 223, 1006, 224, 629, 1001, 223, 1, 223, 7, 226, 677, 224, 1002, 223, 2, 223, 1005, 224, 644, 101, 1, 223, 223, 1108, 677, 226, 224, 102, 2, 223, 223, 1006, 224, 659, 101, 1, 223, 223, 107, 226, 677, 224, 102, 2, 223, 223, 1006, 224, 674, 1001, 223, 1, 223, 4, 223, 99, 226]

3
